11 0.398148 0.522086 0.175203 0.121078
11 0.697289 0.564820 0.155266 0.132484
11 0.758547 0.658828 0.166656 0.158125
11 0.520656 0.127469 0.480063 0.192250
11 0.883188 0.787039 0.219375 0.146734
11 0.748578 0.865383 0.240750 0.186609
11 0.582625 0.639602 0.170937 0.145297
11 0.292023 0.662391 0.196578 0.168094
11 0.686609 0.461539 0.151000 0.111109
11 0.457977 0.598297 0.172359 0.133906
11 0.405273 0.732906 0.186609 0.178062
11 0.830484 0.532055 0.156687 0.132484
11 0.587602 0.518516 0.152422 0.136750
11 0.596867 0.785609 0.193734 0.180906
11 0.918805 0.670227 0.162391 0.146734
