5 0.726156 0.525125 0.164094 0.193156
5 0.156070 0.505469 0.145297 0.170937
5 0.311625 0.279828 0.131625 0.205125
5 0.415891 0.174688 0.200000 0.203437
5 0.448375 0.302906 0.172656 0.158969
5 0.877430 0.624273 0.162391 0.223922
5 0.771469 0.254219 0.172687 0.181250
5 0.609914 0.180680 0.225641 0.157266
5 0.531281 0.454188 0.218813 0.184625
5 0.651789 0.712313 0.169234 0.205125
5 0.567180 0.824273 0.205141 0.162391
5 0.312477 0.754188 0.218797 0.237594
5 0.304781 0.529406 0.165813 0.160688
5 0.165469 0.347344 0.184625 0.217094
5 0.499656 0.631117 0.244438 0.213672
5 0.223586 0.620000 0.150422 0.153844
