5 0.381641 0.476656 0.124625 0.124625
5 0.653445 0.616844 0.107484 0.090344
5 0.645656 0.528836 0.110594 0.076328
5 0.527281 0.531953 0.132406 0.116812
5 0.433820 0.546750 0.085672 0.105906
5 0.352828 0.542078 0.091906 0.096563
5 0.357500 0.372289 0.107469 0.084109
5 0.566219 0.256250 0.079438 0.091906
5 0.627750 0.319336 0.062312 0.074766
5 0.695508 0.346594 0.076328 0.079438
5 0.542859 0.331016 0.091906 0.060750
5 0.611391 0.396437 0.113719 0.091906
5 0.478219 0.225883 0.090344 0.105922
5 0.368398 0.277281 0.123047 0.071656
5 0.286625 0.448617 0.099688 0.093453
5 0.732109 0.559211 0.062312 0.087234
5 0.680711 0.444727 0.065422 0.073203
5 0.457961 0.402664 0.105922 0.123047
5 0.458742 0.315437 0.082547 0.082563
5 0.460305 0.637094 0.095016 0.093469
5 0.590367 0.669805 0.093453 0.096578
5 0.509367 0.682266 0.102797 0.102813
