5 0.362945 0.251578 0.202484 0.197813
5 0.387875 0.215750 0.118375 0.098125
5 0.566219 0.243008 0.163562 0.155766
5 0.672133 0.363727 0.185359 0.126172
5 0.739891 0.489117 0.190031 0.143297
5 0.535852 0.479773 0.205609 0.211828
5 0.559992 0.572445 0.172891 0.154203
5 0.684625 0.662789 0.222688 0.222734
5 0.450172 0.665133 0.258563 0.205609
5 0.225102 0.351266 0.135516 0.129281
5 0.351266 0.343477 0.116812 0.135516
5 0.253914 0.497687 0.183797 0.169781
5 0.117617 0.586469 0.135516 0.172906
5 0.246906 0.689273 0.204062 0.241422
5 0.157344 0.436156 0.121500 0.190031
5 0.500023 0.340359 0.165109 0.129281
5 0.525719 0.798312 0.313094 0.119937
