9 0.527766 0.262336 0.193406 0.199578
9 0.347727 0.256164 0.187234 0.203703
9 0.659453 0.326125 0.226344 0.211938
9 0.735586 0.389898 0.246922 0.191359
9 0.792172 0.484563 0.327156 0.170781
9 0.763359 0.604930 0.302469 0.176953
9 0.706781 0.676937 0.263375 0.197531
9 0.652250 0.744844 0.261313 0.230438
9 0.499984 0.794227 0.170781 0.209891
9 0.354922 0.789086 0.197531 0.216047
9 0.212945 0.741758 0.230453 0.216047
9 0.161516 0.670773 0.238687 0.193422
9 0.136313 0.592578 0.272625 0.197531
9 0.159445 0.449578 0.296297 0.265438
9 0.220156 0.336406 0.236625 0.170781
