5 0.835375 0.674883 0.248969 0.267484
5 0.850812 0.247930 0.168719 0.220172
5 0.274680 0.481469 0.209891 0.222219
5 0.150195 0.441344 0.199578 0.248969
5 0.082297 0.674883 0.158438 0.213984
5 0.274680 0.757188 0.234578 0.246906
5 0.581266 0.816859 0.353906 0.255156
5 0.594641 0.604930 0.236625 0.242797
5 0.497930 0.539086 0.232516 0.148141
5 0.385789 0.468094 0.193422 0.183125
5 0.350813 0.361102 0.205750 0.166672
5 0.235586 0.269531 0.152266 0.156375
5 0.327148 0.230438 0.179016 0.127563
5 0.601836 0.176938 0.135797 0.144031
5 0.461922 0.171797 0.176969 0.100813
5 0.550398 0.289086 0.205766 0.203703
5 0.523648 0.392992 0.271609 0.213984
5 0.649164 0.442375 0.246922 0.242813
5 0.919742 0.419742 0.150203 0.193422
5 0.742789 0.279820 0.191359 0.168734
