9 0.642992 0.771594 0.148141 0.168719
9 0.581258 0.835383 0.139922 0.205766
9 0.575086 0.147109 0.164609 0.166656
9 0.404336 0.831266 0.143984 0.238687
9 0.329211 0.724266 0.166672 0.209875
9 0.286000 0.667680 0.146094 0.154328
9 0.267477 0.565836 0.195484 0.201641
9 0.257195 0.442375 0.137859 0.181062
9 0.286000 0.335375 0.146094 0.209875
9 0.308625 0.208836 0.146094 0.179016
9 0.414594 0.287031 0.127563 0.170781
9 0.484555 0.277758 0.139922 0.164609
9 0.581266 0.314797 0.135813 0.156375
9 0.603898 0.397109 0.148141 0.197531
9 0.650195 0.528797 0.174891 0.197531
9 0.582289 0.610070 0.154328 0.240734
9 0.543195 0.692375 0.121391 0.224281
9 0.483531 0.672828 0.117281 0.189313
9 0.414602 0.621383 0.111109 0.218109
9 0.368297 0.408422 0.129625 0.166656
9 0.349781 0.521594 0.166656 0.170781
9 0.483531 0.854930 0.129625 0.244859
9 0.495875 0.137844 0.146094 0.185187
9 0.727352 0.569945 0.127578 0.123453
9 0.704719 0.691344 0.102875 0.131688
9 0.737641 0.447523 0.107000 0.100828
9 0.403281 0.149164 0.117281 0.158422
9 0.710891 0.326125 0.131688 0.158438
9 0.640930 0.216039 0.123453 0.189297
