5 0.522617 0.676945 0.232516 0.205766
5 0.288055 0.724273 0.298359 0.255141
5 0.194430 0.554508 0.259266 0.203703
5 0.302461 0.456781 0.216047 0.246906
5 0.366242 0.297312 0.216047 0.195469
5 0.442375 0.183117 0.232500 0.111109
5 0.690312 0.444430 0.226344 0.218109
5 0.745875 0.349781 0.300406 0.209875
5 0.752039 0.213984 0.230453 0.197531
5 0.521586 0.251016 0.242797 0.222219
5 0.461922 0.405336 0.279844 0.181078
5 0.285992 0.243813 0.174891 0.158438
5 0.599781 0.552453 0.238687 0.224281
5 0.693398 0.692375 0.162547 0.174906
5 0.845664 0.558625 0.179016 0.265437
