5 0.450602 0.468094 0.174891 0.207812
5 0.358016 0.452656 0.141969 0.251031
5 0.686195 0.226328 0.152266 0.160500
5 0.334352 0.312742 0.135797 0.176953
5 0.194430 0.478383 0.152266 0.174891
5 0.268508 0.418711 0.115234 0.100828
5 0.297312 0.561719 0.123469 0.168719
5 0.341555 0.679000 0.113172 0.152250
5 0.631672 0.782906 0.146094 0.158437
5 0.485586 0.811711 0.133734 0.137859
5 0.416656 0.735586 0.115219 0.174891
5 0.429000 0.638875 0.119344 0.166656
5 0.517477 0.730445 0.160484 0.230453
5 0.677969 0.640937 0.226344 0.187250
5 0.762328 0.257188 0.119344 0.107000
5 0.802453 0.371383 0.158437 0.125516
5 0.564805 0.383734 0.164609 0.248969
