5 0.411406 0.895586 0.217312 0.200422
5 0.836516 0.780602 0.219406 0.295359
5 0.619211 0.269000 0.151891 0.238406
5 0.764742 0.105500 0.194172 0.202531
5 0.875539 0.477859 0.208859 0.310125
5 0.900852 0.180391 0.179328 0.301687
5 0.624484 0.738414 0.221531 0.261609
5 0.536937 0.524273 0.215188 0.272141
5 0.183555 0.883984 0.229953 0.223625
5 0.348117 0.516914 0.208859 0.265859
5 0.114883 0.600219 0.202734 0.305906
5 0.166578 0.305914 0.162656 0.278484
5 0.066992 0.110773 0.133984 0.204641
5 0.689883 0.418789 0.234172 0.327016
