13 0.232078 0.658242 0.238406 0.122359
13 0.774273 0.714133 0.234172 0.149828
13 0.875539 0.573836 0.229953 0.181391
13 0.740523 0.416680 0.204641 0.162453
13 0.544320 0.360742 0.204641 0.139297
13 0.265836 0.452547 0.238391 0.132906
13 0.396633 0.415625 0.234172 0.147687
13 0.473641 0.547477 0.210969 0.158234
13 0.567523 0.650859 0.238391 0.137125
13 0.715203 0.583344 0.246844 0.137125
13 0.632922 0.468367 0.234187 0.130797
13 0.253180 0.567523 0.238391 0.122359
13 0.409297 0.707820 0.221531 0.128703
13 0.244742 0.798539 0.204641 0.158234
