9 0.603383 0.731023 0.187766 0.175109
9 0.411406 0.759477 0.225750 0.164484
9 0.266891 0.652961 0.210969 0.175109
9 0.308023 0.412461 0.213078 0.141359
9 0.707812 0.460984 0.189875 0.166656
9 0.726813 0.765836 0.185656 0.185641
9 0.530609 0.869211 0.219406 0.143453
9 0.312250 0.823852 0.217312 0.162453
9 0.183555 0.702547 0.213078 0.168781
9 0.155078 0.540117 0.185656 0.168828
9 0.325750 0.506133 0.219406 0.149797
9 0.470477 0.618156 0.229953 0.181438
9 0.509508 0.387141 0.223641 0.141344
9 0.535883 0.483133 0.217297 0.151891
9 0.660352 0.598117 0.166672 0.166672
9 0.809086 0.612883 0.160328 0.183547
