5 0.722211 0.187227 0.133734 0.164609
5 0.609039 0.118297 0.179016 0.146094
5 0.922828 0.135789 0.144031 0.164609
5 0.395055 0.279828 0.162547 0.119344
5 0.512336 0.245867 0.162547 0.096703
5 0.164594 0.583320 0.199594 0.100828
5 0.747930 0.581266 0.205766 0.154312
5 0.445461 0.829203 0.209891 0.148156
5 0.186203 0.679000 0.263375 0.148156
5 0.305547 0.611102 0.234563 0.176953
5 0.697516 0.374469 0.174906 0.119344
5 0.845664 0.414602 0.162547 0.113172
5 0.915625 0.356984 0.129625 0.084375
5 0.309656 0.455750 0.181062 0.080250
5 0.518500 0.668711 0.248969 0.123453
5 0.761305 0.712953 0.265422 0.170781
5 0.674891 0.784969 0.236625 0.158438
5 0.502047 0.763359 0.244844 0.127562
5 0.315828 0.780852 0.181062 0.146078
5 0.502047 0.576117 0.220156 0.135797
5 0.407398 0.456781 0.162547 0.107000
