5 0.260273 0.147109 0.164609 0.117281
5 0.560688 0.173852 0.148156 0.162547
5 0.705750 0.165625 0.158437 0.277781
5 0.795250 0.220156 0.156375 0.181063
5 0.783938 0.451633 0.187250 0.269547
5 0.679000 0.355953 0.117281 0.119344
5 0.535992 0.368297 0.181078 0.238687
5 0.545258 0.616242 0.187234 0.154328
5 0.538055 0.725297 0.127578 0.121406
5 0.590523 0.796281 0.146078 0.222219
5 0.463984 0.762336 0.185187 0.228391
5 0.312742 0.763359 0.203703 0.181062
5 0.304516 0.865219 0.187250 0.236625
5 0.692367 0.919750 0.164609 0.160500
5 0.826117 0.901219 0.115234 0.168719
5 0.711922 0.764391 0.137875 0.232500
5 0.386820 0.328180 0.162547 0.174891
5 0.384758 0.171797 0.113172 0.117281
5 0.842578 0.645047 0.102875 0.133750
5 0.263359 0.410484 0.170781 0.187250
5 0.246898 0.306570 0.113172 0.152266
