5 0.705750 0.681055 0.199594 0.201641
5 0.361094 0.710891 0.168719 0.248969
5 0.431063 0.774680 0.144031 0.253078
5 0.512336 0.796289 0.154328 0.271609
5 0.308625 0.411508 0.170781 0.218109
5 0.362133 0.335375 0.203703 0.226344
5 0.423852 0.245875 0.179016 0.207813
5 0.516445 0.252047 0.121391 0.232500
5 0.585375 0.269531 0.131687 0.238687
5 0.658422 0.303484 0.133750 0.187250
5 0.691344 0.380648 0.183125 0.139922
5 0.725297 0.470148 0.193406 0.162547
5 0.729406 0.574062 0.209875 0.181062
5 0.310688 0.601844 0.162563 0.203688
5 0.280852 0.498961 0.209891 0.199578
5 0.627555 0.764391 0.191359 0.228406
