5 0.400195 0.442375 0.115234 0.152250
5 0.366242 0.539086 0.125516 0.152266
5 0.430031 0.632703 0.154313 0.129625
5 0.324094 0.363156 0.131625 0.133750
5 0.433117 0.280852 0.135797 0.146078
5 0.566859 0.230445 0.119344 0.135797
5 0.376531 0.212953 0.129625 0.158438
5 0.692375 0.264391 0.111125 0.109063
5 0.531883 0.371391 0.127578 0.117281
5 0.670773 0.335383 0.125516 0.135797
5 0.731461 0.387844 0.115203 0.129625
5 0.686203 0.508219 0.160500 0.127562
5 0.627555 0.594641 0.162547 0.144031
5 0.518500 0.470148 0.170781 0.137859
5 0.474266 0.560688 0.185188 0.137875
