5 0.481469 0.542164 0.158437 0.096703
5 0.190312 0.742781 0.168719 0.107000
5 0.706773 0.574055 0.123453 0.098766
5 0.529820 0.649164 0.139922 0.059672
5 0.163570 0.565828 0.189297 0.090531
5 0.333320 0.569953 0.133734 0.053500
5 0.546281 0.575094 0.119344 0.063781
5 0.715008 0.642992 0.172828 0.076141
5 0.814805 0.616242 0.137859 0.084359
5 0.931578 0.512328 0.136844 0.144031
5 0.743812 0.707812 0.197531 0.090531
5 0.623445 0.746898 0.174891 0.115234
5 0.411508 0.712945 0.174891 0.096703
5 0.280852 0.627563 0.152266 0.094656
5 0.423859 0.620352 0.117281 0.072016
5 0.177977 0.676945 0.176953 0.098766
5 0.323031 0.684148 0.146094 0.096703
5 0.077148 0.737641 0.127578 0.084375
