5 0.849781 0.489703 0.187250 0.214000
5 0.386828 0.830234 0.273656 0.236625
5 0.299367 0.485586 0.242797 0.222234
5 0.459867 0.608008 0.218109 0.244859
5 0.503078 0.408422 0.181063 0.240750
5 0.358016 0.348750 0.170781 0.240750
5 0.524680 0.225297 0.224266 0.195469
5 0.667680 0.078172 0.246922 0.119344
5 0.823039 0.259250 0.203703 0.197531
5 0.669742 0.553484 0.222234 0.209875
5 0.701633 0.727352 0.191359 0.187234
5 0.899164 0.159453 0.179016 0.183125
5 0.898656 0.049375 0.202688 0.094656
5 0.786000 0.396078 0.183125 0.162562
