5 0.682086 0.257188 0.156391 0.148156
5 0.094633 0.455750 0.162547 0.100812
5 0.243812 0.392984 0.181062 0.131687
5 0.188258 0.317891 0.181078 0.109062
5 0.632703 0.657391 0.218094 0.129625
5 0.514391 0.638883 0.228406 0.150203
5 0.654312 0.425906 0.195469 0.131688
5 0.450641 0.398141 0.199656 0.146094
5 0.473242 0.488672 0.220172 0.133750
5 0.339492 0.510281 0.141984 0.144031
5 0.206781 0.576125 0.209875 0.144031
5 0.785992 0.575094 0.216047 0.117281
5 0.940312 0.563773 0.117281 0.119328
5 0.940836 0.472211 0.118328 0.096703
5 0.923352 0.401227 0.153297 0.111109
5 0.360070 0.231469 0.154328 0.084375
5 0.434141 0.305539 0.154313 0.088484
5 0.583320 0.284969 0.152266 0.117281
5 0.761305 0.316859 0.179016 0.094656
