13 0.272617 0.549375 0.242797 0.226344
13 0.669742 0.230437 0.213984 0.181062
13 0.707805 0.441344 0.187234 0.199594
13 0.837461 0.543195 0.302422 0.259266
13 0.769539 0.638875 0.240734 0.228406
13 0.626531 0.704719 0.259250 0.248969
13 0.389906 0.371383 0.226344 0.240734
13 0.521594 0.342578 0.185187 0.224281
13 0.495875 0.541141 0.195469 0.246906
13 0.294227 0.356984 0.183141 0.183125
13 0.146078 0.481469 0.244844 0.218094
13 0.108531 0.694430 0.217062 0.232516
13 0.379617 0.670766 0.234578 0.292187
