9 0.303484 0.418711 0.283937 0.187234
9 0.221180 0.521594 0.218109 0.154312
9 0.435172 0.587438 0.267500 0.220156
9 0.730438 0.676945 0.273656 0.127578
9 0.077672 0.518508 0.155344 0.152266
9 0.071492 0.617273 0.142984 0.148141
9 0.100812 0.752047 0.195469 0.154313
9 0.580234 0.812750 0.294250 0.185187
9 0.478383 0.085383 0.181078 0.088484
9 0.557602 0.067891 0.166672 0.131688
9 0.649195 0.120359 0.172766 0.129625
9 0.634734 0.189289 0.222281 0.139922
9 0.468094 0.174891 0.181062 0.119344
9 0.788055 0.108016 0.187234 0.117281
9 0.762336 0.032906 0.226328 0.049375
9 0.915117 0.066859 0.169766 0.117281
9 0.921289 0.133734 0.157422 0.135813
9 0.970672 0.261305 0.058656 0.144047
9 0.961414 0.345672 0.077172 0.119344
9 0.841555 0.337437 0.187234 0.156375
9 0.619328 0.269539 0.327156 0.193422
9 0.547312 0.404305 0.261312 0.154328
9 0.800398 0.161516 0.183141 0.117281
9 0.854930 0.243812 0.201641 0.141969
