11 0.365219 0.334352 0.197531 0.191359
11 0.668711 0.319953 0.162547 0.158438
11 0.510273 0.308625 0.150203 0.172844
11 0.195461 0.340523 0.207828 0.203703
9 0.101844 0.438266 0.197531 0.222219
11 0.402250 0.574055 0.160500 0.230453
11 0.263359 0.538055 0.248969 0.240734
11 0.159453 0.734555 0.197531 0.267484
11 0.386820 0.713984 0.257203 0.226344
11 0.572000 0.725297 0.199594 0.265437
11 0.555539 0.579211 0.179016 0.269547
11 0.547312 0.457813 0.154313 0.211937
11 0.680031 0.439289 0.156375 0.203703
11 0.729414 0.602867 0.226328 0.238672
11 0.881164 0.684141 0.237672 0.273656
11 0.868297 0.556570 0.183125 0.207828
11 0.847719 0.429000 0.183125 0.137875
11 0.832297 0.329203 0.131687 0.193406
