5 0.801430 0.474266 0.090547 0.117281
5 0.414602 0.580234 0.098766 0.102875
5 0.686203 0.559664 0.135813 0.074078
5 0.799367 0.559656 0.123453 0.119344
5 0.707805 0.654305 0.179016 0.123453
5 0.566859 0.663570 0.152250 0.133734
5 0.776734 0.789086 0.135813 0.088484
5 0.927461 0.870359 0.145078 0.135812
5 0.358016 0.484555 0.146094 0.088484
5 0.688258 0.436203 0.115234 0.074063
5 0.580234 0.436203 0.104938 0.061719
5 0.469125 0.562742 0.109063 0.096703
5 0.561719 0.563773 0.146094 0.078203
5 0.634766 0.490727 0.119344 0.113172
5 0.531883 0.487641 0.127578 0.107000
5 0.486609 0.439289 0.115219 0.072016
5 0.355953 0.434141 0.104937 0.078187
