5 0.827016 0.631867 0.116031 0.137141
5 0.303812 0.332297 0.111813 0.103375
5 0.161406 0.507398 0.080156 0.154016
5 0.418789 0.228922 0.113922 0.103375
5 0.771109 0.529555 0.151906 0.109703
5 0.875539 0.452547 0.141359 0.154000
5 0.528492 0.263727 0.126578 0.135016
5 0.236297 0.652961 0.107594 0.175109
5 0.447266 0.731023 0.132906 0.175109
5 0.611828 0.719422 0.145562 0.177219
5 0.503180 0.477859 0.139234 0.158219
5 0.624484 0.426172 0.120250 0.122375
5 0.395586 0.528492 0.147672 0.162453
5 0.357602 0.713094 0.122359 0.160344
